2218603899118
2215797697418
3302207064
2219977172294
3975273535
2219997636222
2217514637857
3044726397
2209613500872
2217348851289
2219749048709
2215914010274
2220182984349
2219684596064
2218567120832
2218518749185
2218282233603
2220094515291
2218120653051
2216219609481
2220002735595
2208152538486
2217583927664
2218078200576
2219531434174
2212886099174
812569759
2217703042366
2218372830711
2217374746260
2219781543113
2655784003
2218199293029
2218542816458
2219563486086
2219704376205
2951896814
2218447963949
2217183517846
2668964997
2219795672424
2219947404025
2216643750325
2219724973528
2826770880
2213298451970
2206627200423
2215631155443
2214275150584
2219580870972
2219818173896
354210087
2219666461086
2219345532131
2218592917301
4055363165
2219888178265
2219825936290
2949173584
2217743954183
4028524753
2216754639798
2215868319039
2216878088616
2200686635376
2217843129339
2214564738127
2215024919917
2212267577750
3448316027
2214570412410
2217226302507
2216484890135
2209983917628
2218636542820
2219883117843
2214639418928
924941864
2216867598480
2219402563611
2201491157001
2640128476
2215719857216
2208587000781
2218986954281
2216735310409
2200806853730
2219440311869
2218361946668
2219740481672
3902444255
2218569041291
