2215914010274
2216484890135
2219724973528
2219684596064
2220002735595
2219795672424
2213298451970
2668964997
2215024919917
2212886099174
2218447963949
3302207064
2217743954183
2218361946668
2219997636222
2201491157001
2949173584
2208587000781
924941864
2220182984349
2200686635376
2220094515291
2219749048709
2218120653051
2209983917628
2216735310409
2215868319039
2218567120832
354210087
2219563486086
2219402563611
2216878088616
2218569041291
2217843129339
2217226302507
2217348851289
2214275150584
2218078200576
3975273535
2218986954281
2218542816458
2218603899118
2217583927664
2217183517846
2219977172294
3448316027
2951896814
2215797697418
812569759
2215631155443
2219781543113
2215719857216
2826770880
2219888178265
2216754639798
2219580870972
2218282233603
2219704376205
2640128476
2218199293029
2214570412410
3044726397
2219345532131
2219666461086
2217374746260
